time|_no|_EMW|A|B|C|D|E
1433150298|110100|1|0|0|0|0|0
1435059060|110100|1|1|0|0|0|0
1432894713|110100|1|0|0|0|0|0
1478257937|230000|2|0|0|0|0|0
1445414025|230000|2|0|0|1|0|0
1438387314|330000|1|0|0|0|0|0
1518353476|440000|1|0|0|0|0|0
1413291773|140000|2|0|0|0|0|0
1441690610|110100|1|1|0|0|1|0
1509675339|230000|2|0|0|0|0|0
1435721305|110100|1|0|0|0|0|0
1440730398|330000|1|0|0|0|0|0
1472718971|510000|3|0|0|0|0|0
1442374043|130000|1|0|0|0|0|0
1446802794|110100|1|0|1|1|0|0
1448952933|410000|2|0|1|0|0|0
1509949311|110100|1|0|0|0|0|0
1479954024|320000|1|0|0|0|0|0
1456371161|530000|3|0|0|1|1|0
1453101616|630000|3|0|1|0|0|1
1387614831|360000|2|0|0|0|0|0
1456134735|330000|1|0|0|1|0|0
1457067834|510000|3|0|1|0|0|0
1444308541|410000|2|0|0|1|0|0
1481103691|130000|1|0|0|0|0|0
1475890279|620000|3|0|0|0|0|0
1466152917|310000|1|0|0|0|0|0
1440734281|110100|1|1|0|0|0|0
1453284406|530000|3|0|0|1|1|0
1482386719|530000|3|0|0|0|0|0
1449631796|430000|2|1|1|0|0|0
1438243625|110100|1|1|0|0|0|0
1444724876|620000|3|0|1|0|0|0
1461593690|350000|1|1|0|0|0|0
1451906907|110100|1|0|0|0|0|0
1444274120|310000|1|1|0|0|0|0
1461139220|130000|1|0|0|1|0|0
1515830728|440000|1|0|0|0|0|0
1423021201|110100|1|1|0|0|0|0
1380431640|360000|2|0|0|0|0|0
1451462230|510000|3|1|0|0|1|0
1450267722|620000|3|0|0|1|0|0
1477626982|340000|2|0|0|0|0|0
1444989954|620000|3|0|0|0|1|0
1451217168|450000|1|1|0|0|1|0
1455673330|340000|2|0|1|0|0|0
1471835967|370000|1|0|0|0|0|0
1448955194|110100|1|1|0|0|0|0
1450750113|330000|1|1|0|0|0|0
1451034123|340000|2|1|0|1|0|0
1451275642|530000|3|0|1|0|0|0
1450145064|370000|1|1|0|0|0|0
1441501660|370000|1|0|0|0|0|0
1429330013|110100|1|1|0|0|0|0
1459518624|370000|1|0|1|0|0|1
1479711797|130000|1|0|0|0|0|0
1477450235|140000|2|0|0|0|0|0
1488518266|650000|3|0|0|0|0|0
1442299271|110100|1|1|0|0|0|0
1501657111|110100|1|0|0|0|0|0
1492077020|110100|1|0|0|0|0|0
1438162881|230000|2|0|0|0|0|0
1449201167|310000|1|0|1|0|1|0
1476091236|130000|1|0|0|0|0|0
1452567430|110100|1|1|0|0|0|0
1436351234|110100|1|0|0|0|0|1
1440747651|350000|1|1|0|0|0|0
1470815760|370000|1|0|0|0|0|0
1451982291|510000|3|0|0|1|1|0
1460099783|620000|3|0|0|1|0|0
1460611595|420000|2|0|0|1|0|0
1482750696|0|0|0|0|0|0|0
1448935997|450000|1|0|1|0|0|0
1448271521|350000|1|1|0|0|0|0
1452436941|420000|2|0|1|1|0|0
1443493964|110100|1|0|1|0|1|0
1492485032|140000|2|0|0|0|0|0
1449115337|360000|2|0|1|0|1|0
1443166285|620000|3|0|0|1|0|0
1468317410|510000|3|0|1|0|0|0
1472613325|350000|1|0|0|0|0|0
1494229069|230000|2|0|0|0|0|0
1471487105|350000|1|0|0|0|0|0
1444890022|620000|3|0|1|0|1|0
1448951832|440000|1|0|0|0|1|0
1482398512|330000|1|0|0|0|0|0
1448251294|150000|2|0|0|0|0|0
1455600759|640000|3|1|0|0|0|0
1451445116|110100|1|1|0|0|0|0
1472131506|370000|1|0|0|0|0|0
1458216204|340000|2|1|0|0|1|0
1416823036|110100|1|1|0|0|0|0
1447163083|530000|3|1|0|1|0|0
1469419108|620000|3|0|0|0|0|0
1512384817|620000|3|0|0|0|0|0
1422341459|440000|1|0|0|0|0|0
1433396192|350000|1|1|0|0|0|0
1436752540|410000|2|1|0|0|0|0
1436500346|430000|2|0|0|0|0|0
1453985356|110100|1|1|0|0|0|0
1443408890|320000|1|0|0|1|0|0
1437725120|370000|1|0|1|0|0|0
1436233789|440000|1|1|0|0|0|0
1443152407|210000|1|0|0|1|0|0
1464827465|520000|3|1|0|0|1|0
1440560078|530000|3|1|0|0|0|0
1478150491|230000|2|0|0|0|0|0
1413539919|110100|1|0|0|0|0|0
1464237297|610000|3|0|1|1|0|0
1498205713|410000|2|0|0|0|0|0
1441952975|420000|2|0|0|1|0|0
1452511753|310000|1|0|1|0|1|0
1450450424|440000|1|1|0|0|0|0
1504094922|420000|2|0|0|0|0|0
1468314495|130000|1|0|1|0|0|0
1478509954|130000|1|0|0|0|0|0
1450407286|370000|1|0|1|0|0|0
1443519580|370000|1|1|0|0|0|0
1434440147|370000|1|0|0|0|0|0
1460346857|330000|1|1|1|0|0|0
1453984934|440000|1|0|1|0|0|0
1489129501|530000|3|0|0|0|0|0
1445847983|330000|1|0|1|0|1|0
1488857944|440000|1|0|0|0|0|0
1411303346|350000|1|0|0|0|0|0
1438943910|370000|1|0|1|0|0|0
1449115925|450000|1|0|1|1|0|0
1469614283|360000|2|0|0|0|0|0
1439277320|440000|1|0|0|0|0|0
1445582599|310000|1|0|0|0|0|0
1419512803|330000|1|0|0|0|0|0
1481881198|0|0|0|0|0|0|0
1472630262|620000|3|0|0|0|0|0
1461741708|510000|3|0|1|0|0|0
1508281319|410000|2|0|0|0|0|0
1434523274|130000|1|0|0|0|0|0
1415070939|230000|2|0|0|0|0|0
1470960501|610000|3|0|0|0|0|0
1436496638|370000|1|0|0|0|0|0
1479687511|520000|3|0|0|0|0|0
1408966385|320000|1|0|0|0|0|0
1479976349|450000|1|0|0|0|0|0
1447664764|610000|3|0|0|1|0|1
1460764942|110100|1|0|0|0|0|0
1416821328|110100|1|0|0|0|0|0
1441766968|410000|2|0|1|0|0|0
1435197416|350000|1|0|0|0|0|0
1481167877|340000|2|0|0|0|0|0
1415867229|150000|2|0|0|1|0|0
1468572195|220000|2|0|0|0|0|0
1491896161|410000|2|0|0|0|0|0
1430369276|330000|1|0|0|0|0|0
1448350897|620000|3|1|0|1|0|0
1438830913|420000|2|0|0|0|0|0
1444644538|350000|1|1|0|0|0|0
1445913334|530000|3|0|0|0|0|0
1470376195|620000|3|0|0|0|0|0
1441513729|610000|3|0|1|0|0|1
1439793753|430000|2|0|0|1|0|0
1460346610|410000|2|0|1|0|1|0
1477967416|420000|2|0|0|0|0|0
1445583279|370000|1|0|1|0|0|0
1504159062|320000|1|0|0|0|0|0
1448961445|230000|2|0|0|1|0|0
1449464394|230000|2|0|0|0|1|0
1501470526|140000|2|0|0|0|0|0
1458127777|360000|2|1|0|0|1|0
1456799699|370000|1|1|0|0|0|0
1482210906|350000|1|0|0|0|0|0
1442571245|320000|1|0|0|1|0|0
1440405184|350000|1|1|0|0|0|0
1446183331|210000|1|0|0|1|0|0
1439448643|370000|1|0|0|1|0|0
1482896335|110100|1|0|0|0|0|0
1471596918|620000|3|0|0|0|0|0
1508835148|440000|1|0|0|0|0|0
1444645997|620000|3|0|1|0|0|0
1450248729|510000|3|0|0|1|0|0
1456457365|110100|1|0|1|1|0|0
1490337531|530000|3|0|0|0|0|0
1410796426|530000|3|0|0|0|0|0
1438594048|610000|3|0|0|0|0|0
1474881960|650000|3|0|0|0|0|0
1448607069|370000|1|0|0|1|0|1
1441527907|420000|2|0|1|0|0|0
1450276659|440000|1|1|0|0|0|0
1442391501|370000|1|1|0|0|0|0
1435234345|120000|1|0|0|0|0|0
1439891134|360000|2|0|1|0|0|0
1415606164|420000|2|0|0|0|0|0
1450095103|650000|3|0|1|0|1|0
1436860343|140000|2|0|0|0|0|0
1472812805|620000|3|0|0|0|0|0
1461804818|350000|1|0|1|0|0|1
1491537758|370000|1|0|0|0|0|0
1461658687|350000|1|1|0|0|0|0
1479270324|460000|1|0|0|0|0|0
1441514109|350000|1|1|0|0|0|0
1517459326|340000|2|0|0|0|0|0
1441688511|510000|3|0|0|1|0|0
1451889624|330000|1|0|0|0|1|0
1458200493|620000|3|1|0|0|0|0
1446811489|430000|2|1|0|0|0|0
1508315210|420000|2|0|0|0|0|0
1440129745|130000|1|1|0|0|0|0
1436873461|350000|1|0|0|0|0|0
1449025593|520000|3|1|0|0|0|1
1447230450|410000|2|1|0|0|0|0
1459161214|310000|1|0|0|1|0|0
1460024433|370000|1|0|1|0|0|0
1444806335|350000|1|1|0|0|0|0
1452855747|530000|3|0|0|0|0|0
1476009236|230000|2|0|0|0|0|0
1501549033|340000|2|0|0|0|0|0
1417488619|110100|1|0|0|1|0|0
1450325471|360000|2|0|1|0|0|0
1482393528|0|0|0|0|0|0|0
1446096856|310000|1|1|0|0|1|0
1428729568|620000|3|1|0|0|0|0
1522656823|360000|2|0|0|0|0|0
1448520867|330000|1|0|1|0|1|0
1483516687|0|0|0|0|0|0|0
1451460200|370000|1|1|0|0|0|0
1456109559|610000|3|0|1|0|1|0
1437528695|420000|2|0|0|0|1|0
1447832310|370000|1|1|0|0|0|0
1459253331|620000|3|0|0|0|0|0
1512118756|330000|1|0|0|0|0|0
1500971783|410000|2|0|0|0|0|0
1469239444|410000|2|0|0|0|0|0
1467859083|460000|1|0|1|0|1|0
1482752085|130000|1|0|0|0|0|0
1452087227|360000|2|0|0|0|0|0
1433490740|370000|1|1|0|0|0|0
1468236700|530000|3|1|0|0|0|0
1441958739|530000|3|1|0|0|0|0
1451274132|150000|2|0|0|1|0|0
1457614811|440000|1|0|0|0|1|0
1491537464|650000|3|0|0|0|0|0
1458633908|430000|2|1|0|0|0|1
1447219228|340000|2|0|0|1|0|0
1508831647|620000|3|0|0|0|0|0
1436934258|350000|1|1|0|0|0|0
1444399392|450000|1|1|1|0|0|0
1448861932|440000|1|0|0|0|0|0
1438588619|130000|1|1|0|0|0|0
1449801713|360000|2|0|1|0|0|0
1445317772|320000|1|0|0|0|0|0
1470375248|350000|1|0|0|0|0|0
1440055810|440000|1|0|0|0|0|0
1439625273|330000|1|0|0|0|0|0
1460019617|620000|3|0|1|0|0|0
1480990568|120000|1|0|0|0|0|0
1487065837|0|0|0|0|0|0|0
1462267824|330000|1|1|0|0|1|0
1445853641|460000|1|0|1|1|0|0
1426212098|370000|1|0|0|0|0|0
1499137825|320000|1|0|0|0|0|0
1468631105|370000|1|0|0|0|0|0
1451952412|360000|2|0|1|0|0|0
1456385078|340000|2|1|0|0|0|0
1459402116|210000|1|0|1|1|0|0
1497579334|420000|2|0|0|0|0|0
1442394612|370000|1|0|1|0|1|0
1455876678|350000|1|1|0|0|0|0
1501753304|320000|1|0|0|0|0|0
1422195566|110100|1|0|0|0|0|0
1413272190|420000|2|0|0|0|0|0
1445998918|420000|2|0|1|1|0|0
1441002071|620000|3|0|0|0|0|0
1436845922|450000|1|1|0|0|0|0
1430304504|330000|1|1|0|0|0|0
1444814498|620000|3|0|1|0|1|0
1456795439|420000|2|1|0|1|0|0
1435807415|420000|2|0|0|0|0|0
1444799548|110100|1|0|0|0|0|0
1415195209|310000|1|1|0|0|0|0
1418804724|230000|2|0|0|0|0|0
1488793410|330000|1|0|0|0|0|0
1466395268|210000|1|1|0|0|0|0
1463734096|350000|1|1|0|0|0|0
1505698646|510000|3|0|0|0|0|0
1440501997|610000|3|1|0|0|0|0
1460989575|130000|1|0|0|0|0|1
1444984135|350000|1|1|0|0|0|0
1465365014|110100|1|0|1|0|0|0
1435284070|330000|1|1|0|0|0|0
1386996229|520000|3|1|0|0|0|0
1447050248|650000|3|0|1|0|0|0
1466578394|110100|1|0|0|0|0|0
1448353933|110100|1|0|0|1|0|0
1471833135|330000|1|0|0|0|0|0
1418041829|110100|1|0|0|0|0|0
1471948711|500000|3|0|0|0|0|0
1463554931|450000|1|0|0|1|0|0
1466565849|140000|2|0|1|0|0|1
1444466252|530000|3|0|0|0|0|1
1459477150|530000|3|1|1|0|0|0
1477488876|620000|3|0|0|0|0|0
1433498076|110100|1|1|0|0|0|0
1464663085|310000|1|0|0|1|0|1
1431401245|340000|2|0|0|0|0|0
1442819795|610000|3|0|1|0|1|0
1514941583|520000|3|0|0|0|0|0
1434545252|500000|3|1|0|0|0|0
1445644713|320000|1|0|1|1|0|0
1493282584|520000|3|0|0|0|0|0
1427085054|220000|2|0|0|0|0|0
1439217508|430000|2|1|0|0|0|0
1480578312|370000|1|0|0|0|0|0
1442481097|110100|1|0|0|1|0|0
1448343641|450000|1|0|0|0|0|0
1416382634|650000|3|0|0|0|0|0
1442286989|330000|1|0|0|1|0|0
1421233433|350000|1|0|0|0|0|0
1430319941|130000|1|1|0|0|0|0
1472090013|350000|1|0|0|0|0|0
1445427605|370000|1|0|1|0|0|0
1420362976|430000|2|1|0|0|0|0
1452671949|140000|2|0|1|0|1|0
1417346950|440000|1|0|0|0|0|0
1444448668|230000|2|0|1|0|0|0
1450673807|110100|1|0|0|0|1|1
1498210294|430000|2|0|0|0|0|0
1424912291|370000|1|0|0|1|0|0
1497316348|610000|3|0|0|0|0|0
1452143736|530000|3|1|0|0|0|0
1422846456|110100|1|0|0|0|0|0
1426059225|450000|1|0|0|0|0|0
1482974798|0|0|0|0|0|0|0
1463556663|420000|2|1|1|0|0|0
1434355445|370000|1|0|0|0|0|0
1453976342|520000|3|1|0|0|1|0
1498092949|530000|3|0|0|0|0|0
1440143507|440000|1|1|0|0|0|0
1474619872|610000|3|0|0|0|0|0
1462873002|230000|2|0|1|1|0|0
1444359015|150000|2|1|0|0|0|0
1438651720|370000|1|0|0|0|0|0
1450921422|110100|1|0|1|0|0|0
1442479033|530000|3|1|0|0|0|0
1466059082|320000|1|0|1|0|0|0
1452047577|370000|1|1|1|0|0|0
1491981881|110100|1|0|0|0|0|0
1456990763|220000|2|0|0|1|0|0
1499053883|420000|2|0|0|0|0|0
1458704111|620000|3|0|0|1|0|0
1464222435|410000|2|0|1|1|0|0
1452479885|440000|1|1|0|0|1|0
1458623031|110100|1|0|0|0|1|0
1435546268|620000|3|0|0|0|0|0
1447415643|120000|1|0|1|0|0|0
1450325449|110100|1|0|1|0|0|0
1466579706|340000|2|0|0|0|0|0
1435311222|440000|1|0|0|0|0|0
1380431640|510000|3|0|0|0|0|0
1418297128|500000|3|0|0|0|0|0
1440404778|510000|3|1|0|0|0|0
1444443751|210000|1|0|0|1|0|1
1458877633|620000|3|0|0|0|0|0
1448597288|360000|2|0|1|0|0|1
1446540483|110100|1|0|0|1|0|0
1470816601|140000|2|0|0|0|0|0
1466679139|450000|1|0|1|0|0|0
1458744303|210000|1|1|0|0|0|0
1417089320|110100|1|0|0|0|0|0
1438657004|320000|1|0|0|1|0|0
1479433179|230000|2|0|0|0|0|0
1407410285|430000|2|0|0|0|0|0
1445245469|360000|2|0|1|1|0|0
1466761622|110100|1|1|0|0|0|0
1514383081|620000|3|0|0|0|0|0
1473776875|510000|3|0|0|1|0|0
1432799289|130000|1|0|0|0|0|0
1425124218|510000|3|0|0|0|0|0
1453443854|370000|1|0|1|0|1|0
1434717191|650000|3|0|1|0|0|0
1512984411|230000|2|0|0|0|0|0
1484218823|620000|3|0|0|0|0|0
1441970777|350000|1|0|1|0|0|0
1516861739|150000|2|0|0|0|0|0
1480583419|320000|1|0|0|0|0|0
1438677210|140000|2|1|0|0|0|0
1504688824|510000|3|0|0|0|0|0
1506593897|610000|3|0|0|0|0|0
1422000929|110100|1|0|0|0|0|0
1458117615|370000|1|0|0|1|0|0
1459828165|620000|3|0|0|1|0|0
1465906005|530000|3|0|1|0|0|1
1474859411|440000|1|0|0|0|0|0
1432994970|450000|1|0|0|0|0|0
1440743139|330000|1|0|0|1|0|0
1460115343|620000|3|0|0|1|0|0
1468974570|320000|1|0|0|0|0|0
1482224958|0|0|0|0|0|0|0
1442915282|410000|2|1|0|0|0|1
1454307006|610000|3|1|1|0|0|0
1474188737|110100|1|0|0|0|0|0
1410781009|110100|1|0|0|0|0|0
1451978423|150000|2|0|0|1|0|0
1436245527|510000|3|0|0|0|0|0
1458011735|520000|3|1|0|0|1|0
1441874731|440000|1|0|0|0|0|0
1461069220|610000|3|0|1|0|0|0
1512534355|510000|3|0|0|0|0|0
1445848779|350000|1|0|1|0|0|0
1465694440|530000|3|0|1|1|0|0
1479958204|310000|1|0|0|0|0|0
1476178834|510000|3|0|0|0|0|0
1447937724|440000|1|1|0|0|1|0
1458877531|440000|1|1|0|0|0|0
1419420220|350000|1|0|0|0|0|0
1497259774|450000|1|0|0|0|0|0
1447122375|530000|3|0|0|0|1|1
1463493193|110100|1|1|0|1|0|0
1415351343|420000|2|0|0|0|0|0
1430386796|370000|1|0|1|0|0|0
1453796968|370000|1|0|0|0|0|0
1456394488|370000|1|0|0|1|0|0
1432302116|530000|3|1|0|0|0|0
1488424967|640000|3|0|0|0|0|0
1454040933|220000|2|0|1|0|0|1
1489543833|110100|1|0|0|0|0|0
1438136059|110100|1|0|0|0|0|0
1476415673|360000|2|0|0|0|0|0
1449799053|330000|1|1|0|0|0|0
1468829208|110100|1|1|0|0|0|0
1446461714|420000|2|1|0|0|0|0
1484728510|450000|1|0|0|0|0|0
1408611102|110100|1|0|1|0|0|0
1413181231|330000|1|0|0|0|0|0
1445843377|360000|2|0|1|0|1|0
1448270873|360000|2|0|1|0|1|0
1413036880|370000|1|0|0|0|0|0
1450847999|370000|1|1|0|0|0|0
1417431020|110100|1|0|0|0|0|0
1433840352|370000|1|1|0|0|0|0
1444644409|610000|3|0|1|0|0|1
1462941050|150000|2|0|0|0|1|0
1504707537|520000|3|0|0|0|0|0
1492608454|650000|3|0|0|0|0|0
1442386633|500000|3|0|0|0|0|1
1421233502|350000|1|0|0|0|0|0
1488439225|450000|1|0|0|0|0|0
1464566724|110100|1|0|0|0|0|0
1431337678|120000|1|0|0|0|0|0
1446793488|450000|1|1|0|0|0|0
1434154415|130000|1|0|0|0|0|0
1445395084|500000|3|0|0|1|1|0
1493346327|620000|3|0|0|0|0|0
1409241233|120000|1|0|0|0|0|0
1444897760|430000|2|0|1|0|1|0
1494214726|430000|2|0|0|0|0|0
1427266873|150000|2|0|0|0|0|0
1415094436|530000|3|1|0|0|0|0
1435305767|210000|1|1|0|0|0|0
1458802827|510000|3|0|0|1|1|0
1430725454|440000|1|0|0|0|0|0
1517299800|430000|2|0|0|0|0|0
1505702789|370000|1|0|0|0|0|0
1441527612|370000|1|0|1|0|0|0
1465229303|310000|1|1|0|0|0|0
1441676681|350000|1|0|1|0|0|0
1440108294|450000|1|0|0|0|0|0
1426843322|440000|1|0|0|0|0|0
1500887778|620000|3|0|0|0|0|0
1417772566|530000|3|1|0|0|0|0
1444813989|410000|2|0|1|1|0|0
1435306765|130000|1|1|0|0|0|0
1440321465|110100|1|0|0|0|1|0
1439279919|320000|1|0|0|0|0|0
1446457463|420000|2|0|1|0|0|0
1475133262|130000|1|0|0|0|0|0
1450856637|110100|1|1|0|0|0|0
1455874909|370000|1|0|1|0|0|1
1441596828|370000|1|0|0|0|0|0
1483434121|0|0|0|0|0|0|0
1490596610|650000|3|0|0|0|0|0
1450271393|350000|1|0|1|0|0|0
1445942214|110100|1|1|0|0|0|0
1481797992|0|0|0|0|0|0|0
1472121402|440000|1|0|0|0|0|0
1428105296|130000|1|0|0|0|0|0
1488776663|110100|1|0|0|0|0|0
1453447115|440000|1|0|0|0|0|0
1440724975|330000|1|0|0|0|1|0
1442604404|420000|2|1|0|0|0|0
1443609683|350000|1|0|1|0|1|0
1450763125|120000|1|0|0|1|0|0
1435136572|340000|2|1|0|0|0|0
1433748922|530000|3|1|0|0|0|0
1509621743|230000|2|0|0|0|0|0
1440504019|310000|1|1|0|0|0|0
1490684796|530000|3|0|0|0|0|0
1389168843|110100|1|0|0|0|0|0
1503472677|440000|1|0|0|0|0|0
1468837619|130000|1|1|0|0|0|0
1388504262|330000|1|0|1|0|0|0
1498661341|370000|1|0|0|0|0|0
1439963001|610000|3|0|1|0|0|0
1497494755|350000|1|0|0|0|0|0
1460363292|340000|2|1|0|0|0|0
1482217342|530000|3|0|0|0|0|0
1444542077|320000|1|1|1|0|0|0
1421233687|350000|1|0|0|0|0|0
1450434464|530000|3|0|1|1|0|0
1505793665|320000|1|0|0|0|0|0
1445498348|530000|3|0|0|1|0|0
1439546797|120000|1|0|0|0|0|0
1447045438|130000|1|0|1|1|0|0
1442823010|610000|3|0|1|0|1|0
1463463093|620000|3|0|0|0|0|0
1443086414|510000|3|1|0|0|1|0
1448885026|350000|1|0|1|0|1|0
1465373986|370000|1|0|0|0|0|0
1437535652|620000|3|1|0|0|0|0
1444396341|110100|1|0|0|1|0|0
1409887436|330000|1|0|0|0|0|0
1436918517|530000|3|0|0|0|0|0
1440497890|520000|3|1|0|0|0|0
1450681458|530000|3|0|1|0|0|0
1507263343|230000|2|0|0|0|0|0
1437117608|440000|1|0|0|0|0|0
1458554005|340000|2|1|0|0|0|0
1474356295|440000|1|0|0|0|0|0
1446518402|450000|1|0|1|0|0|0
1426145851|370000|1|0|0|0|0|0
1435836430|370000|1|1|0|0|0|0
1469437131|530000|3|0|0|0|0|0
1426198505|350000|1|0|0|0|0|0
1445504883|370000|1|0|1|0|0|0
1449219118|610000|3|0|0|0|1|0
1434015659|370000|1|0|0|0|0|0
1409214110|430000|2|0|0|0|0|0
1456216993|370000|1|0|1|0|1|0
1421837820|610000|3|0|0|0|0|0
1439281706|370000|1|0|0|0|0|0
1425468931|530000|3|1|0|0|0|0
1429862996|110100|1|0|0|0|0|0
1469174444|520000|3|1|0|0|0|0
1493819003|370000|1|0|0|0|0|0
1515486280|120000|1|0|0|0|0|0
1442890676|610000|3|0|1|0|0|0
1443166974|110100|1|0|0|0|0|0
1482995877|130000|1|0|0|0|0|0
1514538120|510000|3|0|0|0|0|0
1429270839|410000|2|0|0|0|0|0
1466775699|530000|3|0|1|0|0|0
1452504647|130000|1|0|1|1|0|0
1425290116|110100|1|0|0|0|0|0
1428574684|330000|1|0|0|1|0|0
1383224347|320000|1|1|0|0|0|0
1420458293|370000|1|0|0|0|0|0
1489057006|370000|1|0|0|0|0|0
1493018294|350000|1|0|0|0|0|0
1439899143|540000|3|0|0|1|0|0
1419650860|440000|1|0|0|0|0|0
1437094297|440000|1|0|0|0|0|0
1439966948|440000|1|0|0|1|0|0
1491997626|110100|1|0|0|0|0|0
1450952765|340000|2|1|0|0|0|0
1473211677|620000|3|0|0|0|0|0
1435843750|320000|1|0|0|0|0|0
1409892174|320000|1|0|0|0|0|0
1503369963|510000|3|0|0|0|0|0
1471438266|110100|1|0|0|0|0|0
1472544100|130000|1|0|0|0|0|0
1436433293|110100|1|1|0|0|0|0
1413188772|350000|1|0|0|0|0|0
1433248856|510000|3|0|0|0|0|0
1442552700|320000|1|0|0|1|0|0
1434528732|650000|3|1|0|0|0|0
1448426330|420000|2|0|1|1|0|0
1478077573|360000|2|0|0|0|0|0
1491449820|530000|3|0|0|0|0|0
1499160237|430000|2|0|0|0|0|0
1497619452|530000|3|0|0|0|0|0
1474626643|350000|1|0|0|0|0|0
1486972897|210000|1|0|0|0|0|0
1460355537|650000|3|0|1|0|1|0
1459914509|530000|3|0|0|1|0|1
1444456652|350000|1|0|0|1|0|0
1482806246|530000|3|0|0|0|0|0
1454318886|610000|3|1|1|0|0|0
1426571417|430000|2|1|0|0|0|0
1466773231|110100|1|0|1|1|0|0
1479714844|530000|3|0|0|0|0|0
1471962823|350000|1|0|0|0|0|0
1442990991|230000|2|0|1|0|0|0
1448954252|150000|2|0|0|0|1|0
1480339313|440000|1|0|0|0|0|0
1437983378|610000|3|0|0|0|0|0
1471487998|110100|1|0|0|0|0|0
1452566106|410000|2|0|1|1|0|0
1432689339|350000|1|0|0|0|0|0
1452611286|650000|3|0|1|0|1|0
1458556103|360000|2|1|0|0|0|0
1463479715|330000|1|0|0|1|0|0
1442306746|350000|1|0|1|0|0|0
1463722063|610000|3|0|1|0|0|0
1445595867|150000|2|0|1|0|0|0
1454669104|610000|3|1|1|0|0|0
1452134118|370000|1|0|1|0|0|0
1456468650|370000|1|1|0|0|0|1
1458007600|650000|3|0|1|0|1|0
1489561942|530000|3|0|0|0|0|0
1435578571|420000|2|0|0|0|0|0
1509343951|320000|1|0|0|0|0|0
1443076502|640000|3|1|1|0|0|0
1457926410|370000|1|0|1|0|0|1
1421234839|350000|1|0|0|0|0|0
1429881867|330000|1|0|1|0|0|0
1439978329|440000|1|1|0|0|0|0
1488357325|440000|1|0|0|0|0|0
1509958002|110100|1|0|0|0|0|0
1449544535|630000|3|1|0|0|1|0
1452495591|610000|3|0|1|0|0|1
1474610904|230000|2|0|0|0|0|0
1512817981|230000|2|0|0|0|0|0
1487152009|650000|3|0|0|0|0|0
1448354231|610000|3|0|0|0|1|0
1479204406|110100|1|0|0|0|0|0
1411736781|510000|3|0|0|0|0|0
1447298569|130000|1|1|0|0|0|0
1468474324|420000|2|0|0|0|0|0
1470979476|140000|2|0|0|0|0|0
1500281522|510000|3|0|0|0|0|0
1418088704|370000|1|0|0|0|0|0
1417520208|110100|1|0|0|0|0|0
1441634317|370000|1|0|0|0|1|1
1448333928|430000|2|0|1|0|1|0
1459949665|370000|1|0|1|0|0|1
1422448812|370000|1|0|0|0|0|0
1487221902|0|0|0|0|0|0|0
1432197735|420000|2|0|1|0|0|0
1458643777|620000|3|0|0|1|0|0
1444897665|610000|3|0|0|0|1|0
1407759034|530000|3|0|0|0|0|0
1485080542|0|0|0|0|0|0|0
1521709233|440000|1|0|0|0|0|0
1390299409|110100|1|0|0|0|0|0
1446176423|420000|2|0|1|0|0|0
1441620574|130000|1|0|0|0|0|0
1464846245|410000|2|0|1|1|0|0
1419421905|110100|1|1|0|0|0|0
1498570149|610000|3|0|0|0|0|0
1415194178|610000|3|0|0|0|0|0
1431514578|350000|1|0|0|0|0|0
1452001058|450000|1|0|0|1|1|0
1418697730|440000|1|0|0|0|0|0
1445598227|610000|3|0|0|0|1|0
1429793239|440000|1|0|0|0|0|0
1508383635|410000|2|0|0|0|0|0
1494560348|370000|1|0|0|0|0|0
1421140056|360000|2|0|0|0|0|0
1423484829|320000|1|1|0|0|0|0
1417604860|360000|2|0|0|0|0|0
1457610895|370000|1|0|1|0|0|1
1460733184|370000|1|0|1|0|0|0
1469662979|610000|3|0|0|0|0|0
1432284720|370000|1|1|0|0|0|0
1452513618|140000|2|0|1|1|0|0
1427871019|110100|1|0|0|0|0|0
1498486779|320000|1|0|0|0|0|0
1450340564|320000|1|0|1|1|0|0
1453977695|450000|1|0|1|0|1|0
1459874160|450000|1|1|0|0|0|0
1506890971|320000|1|0|0|0|0|0
1447816449|610000|3|1|0|0|0|0
1480428835|420000|2|0|0|0|0|0
1429181462|110100|1|1|0|0|0|0
1443173118|350000|1|0|0|1|0|0
1475891207|110100|1|0|0|0|0|0
1413014396|360000|2|0|0|0|0|0
1446209116|510000|3|0|0|1|0|0
1457319280|610000|3|0|1|0|1|0
1408343571|110100|1|0|0|0|0|0
1445390835|340000|2|0|0|1|0|0
1433607807|330000|1|0|0|0|0|0
1439265372|610000|3|1|0|0|0|0
1410370219|440000|1|1|0|0|0|0
1482930309|0|0|0|0|0|0|0
1446196799|530000|3|1|1|0|0|0
1472712011|220000|2|0|0|0|0|0
1445410770|350000|1|0|0|1|0|0
1450837774|610000|3|1|0|1|0|0
1415360445|530000|3|0|0|0|0|0
1454563829|650000|3|0|1|0|1|0
1491911910|420000|2|0|0|0|0|0
1457411911|370000|1|0|1|0|0|1
1458209445|610000|3|0|0|0|1|0
1431343422|340000|2|0|0|0|0|0
1490843384|530000|3|0|0|0|0|0
1491546391|650000|3|0|0|0|0|0
1426848715|340000|2|1|0|0|0|0
1423995713|370000|1|1|0|0|0|0
1454307053|610000|3|0|1|0|0|1
1440577667|410000|2|0|0|0|0|0
1437387676|130000|1|0|0|0|0|0
1447317395|450000|1|0|0|0|1|0
1439200745|440000|1|0|0|1|0|0
1478065295|110100|1|0|0|0|0|0
1392025493|110100|1|0|0|0|0|0
1463486140|110100|1|0|1|0|0|0
1471276831|140000|2|0|0|0|0|0
1482723898|360000|2|0|0|0|0|0
1405676205|440000|1|0|0|0|0|0
1421849160|350000|1|1|0|0|0|0
1413898328|130000|1|0|0|0|0|0
1438692477|220000|2|0|0|0|0|0
1456280868|370000|1|0|1|0|0|0
1493176412|530000|3|0|0|0|0|0
1500948153|650000|3|0|0|0|0|0
1414490234|450000|1|0|0|0|0|0
1441525588|110100|1|1|0|1|0|0
1511426987|510000|3|0|0|0|0|0
1427702147|350000|1|1|0|0|0|0
1441692831|440000|1|0|0|1|0|0
1471436321|650000|3|0|0|0|0|0
1521861795|620000|3|0|0|0|0|0
1442822577|610000|3|1|0|1|0|0
1422499015|440000|1|0|0|0|0|0
1441605547|140000|2|0|1|0|0|0
1441779684|620000|3|0|1|0|0|0
1458185855|370000|1|0|1|0|0|1
1458702710|370000|1|0|1|0|0|1
1499054749|330000|1|0|0|0|0|0
1459921521|620000|3|1|0|0|0|0
1436783414|130000|1|0|0|0|0|0
1517196838|620000|3|0|0|0|0|0
1450093885|610000|3|0|0|1|0|0
1435631017|510000|3|1|0|0|0|0
1435237522|610000|3|0|0|0|0|0
1442568672|610000|3|1|0|1|0|0
1489039680|440000|1|0|0|0|0|0
1421309682|110100|1|0|0|0|0|0
1501568932|360000|2|0|0|0|0|0
1502099041|620000|3|0|0|0|0|0
1465293668|110100|1|0|0|0|0|0
1460355651|650000|3|0|1|0|1|0
1437730847|440000|1|0|0|0|0|0
1458113574|650000|3|0|1|0|1|0
1458203189|410000|2|0|1|1|0|0
1444990070|320000|1|0|0|1|0|0
1458615671|610000|3|0|1|0|1|0
1435895042|110100|1|0|0|0|0|0
1453453101|370000|1|0|1|0|0|0
1456396536|370000|1|0|1|0|0|1
1447931428|510000|3|0|0|1|0|0
1431329978|440000|1|0|0|1|0|0
1449583532|140000|2|0|1|0|0|0
1450228082|140000|2|0|1|0|0|0
1498468034|450000|1|0|0|0|0|0
1429341406|500000|3|0|0|0|0|0
1500279984|500000|3|0|0|0|0|0
1436795873|310000|1|1|0|0|0|0
1440388406|110100|1|0|0|1|0|0
1443089750|320000|1|0|0|0|0|0
1457590117|340000|2|1|0|0|1|0
1487390888|610000|3|0|0|0|0|0
1429286277|420000|2|0|0|0|0|0
1499918219|310000|1|0|0|0|0|0
1507688906|610000|3|0|0|0|0|0
1429766703|370000|1|0|0|0|0|0
1457601320|370000|1|0|1|0|0|1
1441524436|230000|2|0|0|0|0|0
1444716953|620000|3|0|1|0|0|0
1478335532|440000|1|0|0|0|0|0
1490860672|310000|1|0|0|0|0|0
1431583228|110100|1|1|0|0|0|0
1435827149|320000|1|0|1|0|0|0
1454390773|610000|3|0|0|0|0|0
1418265667|530000|3|1|0|0|0|0
1440144518|320000|1|0|0|1|0|0
1445318025|150000|2|0|1|0|1|0
1491545406|370000|1|0|0|0|0|0
1427963213|230000|2|0|0|0|0|0
1445931663|350000|1|1|1|0|0|0
1433227185|130000|1|0|0|0|0|0
1465206369|530000|3|1|1|0|0|0
1407383817|330000|1|0|0|1|0|0
1475036276|610000|3|0|0|0|0|0
1445310798|620000|3|0|0|1|0|0
1434524253|410000|2|0|0|0|0|0
1490927558|520000|3|0|0|0|0|0
1516141069|320000|1|0|0|0|0|0
1448867810|620000|3|0|1|0|0|0
1388042972|410000|2|0|0|0|0|0
1450751775|510000|3|0|0|1|0|0
1453975728|370000|1|0|1|0|0|0
1454306929|610000|3|1|0|1|0|0
1503974741|530000|3|0|0|0|0|0
1441523220|620000|3|0|1|0|0|0
1441888468|370000|1|1|0|0|0|0
1460033784|620000|3|0|1|1|0|0
1487673122|0|0|0|0|0|0|0
1431686115|610000|3|1|0|0|0|0
1438055112|410000|2|1|0|0|0|0
1456886363|370000|1|1|0|0|0|0
1405927855|110100|1|1|0|0|0|0
1415805817|530000|3|1|0|0|0|0
1427856213|530000|3|1|0|0|0|0
1452507044|370000|1|0|1|0|0|0
1467711122|320000|1|0|1|0|1|0
1468218011|610000|3|0|1|0|0|0
1444285006|230000|2|0|0|0|0|0
1459142244|370000|1|0|1|0|0|1
1464598420|350000|1|1|0|0|0|0
1435047080|510000|3|0|0|0|0|0
1473680258|530000|3|0|0|0|0|0
1445257855|370000|1|0|1|0|0|0
1489653719|340000|2|0|0|0|0|0
1417089391|360000|2|0|0|0|0|0
1436759697|620000|3|0|0|0|0|0
1418742281|420000|2|0|0|0|0|0
1464254940|370000|1|0|1|0|0|0
1516165365|530000|3|0|0|0|0|0
1446694042|650000|3|0|1|0|1|0
1432565360|130000|1|0|1|0|0|0
1442226820|370000|1|0|0|1|1|0
1439284227|130000|1|1|0|0|0|0
1447230835|370000|1|0|1|1|0|0
1408342276|110100|1|0|0|0|0|0
1436921632|310000|1|1|0|0|0|0
1410257076|350000|1|1|0|0|0|0
1441879398|130000|1|0|1|0|0|0
1460355577|610000|3|0|1|0|0|1
1409198166|530000|3|1|0|0|0|0
1505703782|420000|2|0|0|0|0|0
1431348161|440000|1|0|0|0|0|0
1458786119|650000|3|0|1|0|1|0
1481687122|230000|2|0|0|0|0|0
1431954944|220000|2|1|0|0|0|0
1508374732|650000|3|0|0|0|0|0
1438690284|510000|3|0|0|0|0|0
1406633324|130000|1|0|0|0|0|0
1421806487|530000|3|0|0|0|0|0
1437120120|370000|1|0|0|0|0|0
1452080194|340000|2|0|0|0|0|0
1426513834|370000|1|0|0|0|0|0
1426083147|110100|1|0|0|0|0|0
1472832719|510000|3|0|0|0|0|0
1433400115|310000|1|1|0|0|0|0
1457425679|340000|2|0|0|0|0|0
1475985231|120000|1|0|0|0|0|0
1497856491|620000|3|0|0|0|0|0
1476959940|440000|1|0|0|0|0|0
1427253278|110100|1|0|0|0|0|0
1497436239|640000|3|0|0|0|0|0
1414066401|650000|3|0|0|0|0|0
1493892423|130000|1|0|0|0|0|0
1486350964|0|0|0|0|0|0|0
1442467804|110100|1|1|0|0|0|0
1438847572|520000|3|0|0|0|0|0
1427462389|420000|2|0|0|0|0|0
1428061140|370000|1|0|0|0|0|0
1442489888|610000|3|0|0|1|0|0
1460085541|610000|3|0|1|0|1|0
1515196209|370000|1|0|0|0|0|0
1424965222|330000|1|0|0|0|0|0
1464312444|530000|3|0|0|0|0|0
1435026381|440000|1|0|0|0|0|0
1416039855|330000|1|1|0|0|0|0
1512388163|320000|1|0|0|0|0|0
1426209332|530000|3|1|0|0|0|0
1439245468|440000|1|0|0|0|0|0
1429076497|110100|1|1|0|0|0|0
1449716575|610000|3|0|0|0|1|0
1450516378|500000|3|0|0|1|1|0
1497929005|350000|1|0|0|0|0|0
1414454531|420000|2|0|0|0|0|0
1435842639|610000|3|1|0|0|0|0
1441624863|610000|3|0|1|0|0|0
1511860737|530000|3|0|0|0|0|0
1517321050|370000|1|0|0|0|0|0
1476265796|620000|3|0|0|0|0|0
1425633182|430000|2|0|0|0|0|0
1431992459|330000|1|0|0|0|0|0
1440588052|610000|3|0|0|0|0|0
1441791046|130000|1|0|0|1|0|0
1439635259|320000|1|0|1|0|0|0
1440469920|310000|1|0|1|0|0|0
1459500827|530000|3|0|0|1|0|1
1494590665|610000|3|0|0|0|0|0
1471173218|110100|1|0|0|0|0|0
1421766721|500000|3|0|0|0|0|0
1429170783|330000|1|0|0|0|0|1
1440504333|420000|2|0|1|0|0|0
1494899856|610000|3|0|0|0|0|0
1411459303|450000|1|0|0|0|0|0
1438936917|420000|2|0|0|0|1|0
1456810349|370000|1|0|1|0|0|1
1484193066|0|0|0|0|0|0|0
1458533806|440000|1|0|0|1|0|0
1407996790|330000|1|0|0|0|0|0
1421050187|370000|1|0|0|0|0|0
1432029757|360000|2|0|0|0|0|0
1430460425|450000|1|0|0|0|0|0
1436529463|370000|1|0|0|0|0|0
1436856037|610000|3|0|0|0|0|0
1439904381|430000|2|1|0|0|0|0
1458546461|370000|1|0|1|0|0|1
1444377275|130000|1|0|1|1|0|0
1459912213|370000|1|1|1|0|0|0
1460428391|370000|1|0|0|0|0|0
1448869533|650000|3|0|1|0|1|0
1481171802|370000|1|0|0|0|0|0
1440743858|130000|1|1|0|0|0|0
1451020921|230000|2|0|1|1|0|0
1451374789|130000|1|0|0|1|1|0
1446568387|340000|2|1|0|0|0|0
1459922362|340000|2|0|1|0|0|0
1464231046|430000|2|0|0|0|0|0
1388662201|620000|3|0|0|0|0|0
1492410897|370000|1|0|0|0|0|0
1461838938|410000|2|1|0|0|0|0
1418635683|110100|1|0|1|0|0|0
1418479509|330000|1|0|0|0|0|0
1456108544|430000|2|0|0|1|1|0
1493881664|130000|1|0|0|0|0|0
1457495338|370000|1|0|1|0|0|0
1449640121|610000|3|0|1|0|1|0
1493361779|350000|1|0|0|0|0|0
1441600129|440000|1|1|0|0|0|0
1492510407|420000|2|0|0|0|0|0
1513158391|330000|1|0|0|0|0|0
1457395374|230000|2|0|0|1|0|0
1460699413|610000|3|1|0|1|0|0
1454390837|650000|3|0|1|0|1|0
1443199367|230000|2|0|1|0|0|0
1430212010|110100|1|0|0|0|0|0
1413552155|420000|2|0|0|0|0|0
1457579375|420000|2|0|1|1|0|0
1408954645|330000|1|0|0|0|0|0
1416820186|420000|2|0|0|0|0|0
1417772862|450000|1|0|0|0|0|0
1453265012|340000|2|1|0|0|0|0
1437462481|110100|1|1|0|0|0|0
1437481654|110100|1|1|0|0|0|0
1503549426|640000|3|0|0|0|0|0
1438250337|370000|1|0|0|0|0|0
1431999338|450000|1|0|0|0|0|0
1429228114|430000|2|1|0|0|0|0
1430376476|510000|3|0|0|1|0|0
1432621678|540000|3|0|0|1|0|0
1429076284|370000|1|0|0|0|0|0
1488191582|350000|1|1|0|0|0|0
1419519465|650000|3|0|0|0|0|0
1426649173|440000|1|0|0|0|0|0
1421663315|310000|1|1|0|0|0|0
1453796782|420000|2|0|0|1|0|0
1458822498|500000|3|0|1|0|1|0
1492266169|330000|1|0|0|0|0|0
1418102649|620000|3|0|0|0|0|0
1452500835|430000|2|1|0|0|0|0
1435917930|110100|1|0|0|1|0|0
1440051256|610000|3|0|0|0|0|0
1444454991|610000|3|0|1|0|1|0
1449819287|610000|3|0|0|0|1|1
1420727678|370000|1|1|0|0|0|0
1445049560|440000|1|0|0|1|0|0
1458879201|500000|3|0|1|0|1|0
1449718447|650000|3|0|1|0|1|0
1448339377|610000|3|0|0|1|0|0
1429676217|420000|2|0|0|0|0|0
1431911332|410000|2|0|0|0|0|0
1437706086|110100|1|0|0|0|0|0
1460554310|370000|1|0|1|0|0|1
1444454658|650000|3|0|1|0|1|0
1389612659|110100|1|0|0|0|0|0
1506428649|530000|3|0|0|0|0|0
1509972178|140000|2|0|0|0|0|0
1517275786|420000|2|0|0|0|0|0
1474534572|350000|1|0|0|0|0|0
1436271726|410000|2|1|0|0|0|0
1450892462|610000|3|0|1|0|1|0
1480591910|220000|2|0|0|0|0|0
1489454945|650000|3|0|0|0|0|0
1449651692|110100|1|0|0|0|0|1
1442295921|110100|1|0|1|1|0|0
1461769494|610000|3|1|0|0|0|0
1516963611|530000|3|0|0|0|0|0
1430837865|370000|1|0|0|0|0|0
1507687772|350000|1|0|0|0|0|0
1489564986|230000|2|0|0|0|0|0
1433930953|330000|1|0|0|0|0|0
1434719493|110100|1|1|0|0|0|0
1462493656|210000|1|0|0|0|0|0
1444632055|610000|3|0|1|0|1|0
1438940180|370000|1|0|0|0|0|0
1439265119|360000|2|0|0|0|0|0
1454470227|610000|3|1|0|1|0|0
1424929233|130000|1|1|0|0|0|0
1433826227|420000|2|0|0|0|0|0
1457575821|610000|3|0|0|0|1|1
1483714526|0|0|0|0|0|0|0
1437664696|440000|1|0|0|0|0|0
1454470320|640000|3|0|1|0|1|0
1456730619|440000|1|1|0|0|0|0
1409014018|450000|1|0|0|0|0|0
1428392376|340000|2|0|0|1|0|0
1445521797|610000|3|1|0|1|0|0
1456382387|370000|1|1|0|0|0|0
1460039322|650000|3|1|0|0|0|0
1463746101|450000|1|1|0|0|0|0
1468498254|510000|3|0|0|0|0|0
1494389140|320000|1|0|0|0|0|0
1481174798|370000|1|0|0|0|0|0
1461668112|500000|3|0|0|1|0|0
1463391123|610000|3|1|0|1|0|0
1490170731|530000|3|0|0|0|0|0
1430746255|320000|1|0|0|0|0|0
1451355775|610000|3|0|1|0|0|1
1409070416|320000|1|0|0|0|0|0
1425296362|130000|1|0|0|0|0|0
1440811355|110100|1|0|0|0|0|0
1500506600|370000|1|0|0|0|0|0
1492744903|530000|3|0|0|0|0|0
1498896467|650000|3|0|0|0|0|0
1476442265|420000|2|0|0|0|0|0
1473484780|320000|1|0|0|0|0|0
1493797528|330000|1|0|0|0|0|0
1508848456|420000|2|0|0|0|0|0
1446023953|640000|3|0|1|0|1|0
1490693075|340000|2|0|0|0|0|0
1493012694|370000|1|0|0|0|0|0
1407997629|110100|1|0|0|0|0|0
1471686073|340000|2|0|0|0|0|0
1422656792|110100|1|0|0|1|0|0
1426242958|650000|3|0|0|0|0|0
1426480960|350000|1|1|0|0|0|0
1440061436|420000|2|0|0|0|0|0
1451051157|640000|3|0|0|0|0|0
1407461837|510000|3|0|0|1|0|0
1472481002|410000|2|0|1|1|0|1
1434442025|370000|1|0|0|0|0|0
1413377846|420000|2|0|0|0|0|0
1440752122|530000|3|1|0|0|0|0
1446435178|420000|2|0|0|1|0|0
1447909350|220000|2|0|1|1|0|0
1497488171|370000|1|0|0|0|0|0
1454509157|640000|3|1|0|0|0|0
1468311798|510000|3|0|0|0|0|0
1445855499|610000|3|0|1|1|0|0
1432653125|310000|1|1|0|0|0|0
1439971709|360000|2|1|0|0|0|0
1476775084|360000|2|0|0|0|0|0
1497693760|530000|3|0|0|0|0|0
1441069126|440000|1|0|1|1|0|0
1468223003|610000|3|0|1|0|0|0
1442902221|450000|1|0|1|0|0|0
1426233581|650000|3|1|0|0|0|0
1458644097|230000|2|0|0|1|0|0
1487319750|0|0|0|0|0|0|0
1459937181|230000|2|0|1|1|0|0
1433749616|330000|1|1|0|0|0|0
1452501505|650000|3|0|0|0|1|0
1481178774|0|0|0|0|0|0|0
1503031555|530000|3|0|0|0|0|0
1448859558|110100|1|0|1|1|0|0
1487151970|140000|2|0|0|0|0|0
1438337828|450000|1|0|0|0|0|0
1502197418|440000|1|0|0|0|0|0
1510411726|230000|2|0|0|0|0|0
1444964289|610000|3|1|1|0|0|0
1448341722|610000|3|0|0|0|1|1
1466591730|230000|2|1|0|1|0|0
1418859853|640000|3|0|0|0|0|0
1457342487|340000|2|1|1|0|0|0
1460701755|370000|1|1|0|0|0|1
1466346691|640000|3|0|0|0|1|1
1416435940|440000|1|0|0|0|0|0
1491884948|440000|1|0|0|0|0|0
1457495137|110100|1|0|0|1|0|0
1510829806|230000|2|0|0|0|0|0
1481185827|370000|1|0|0|0|0|0
1457346062|330000|1|1|0|0|0|0
1470539874|510000|3|0|0|0|0|0
1510407815|230000|2|0|0|0|0|0
1417787372|450000|1|0|0|0|0|0
1441155439|640000|3|0|1|0|0|0
1446138937|530000|3|0|0|0|0|1
1471402535|430000|2|0|0|0|0|0
1481240345|370000|1|0|0|0|0|0
1498182182|350000|1|0|0|0|0|0
1503458145|350000|1|0|0|0|0|0
1459147983|610000|3|1|0|1|0|0
1451026541|350000|1|1|0|0|1|0
1482498422|0|0|0|0|0|0|0
1502849364|130000|1|0|0|0|0|0
1438757017|220000|2|0|0|0|0|0
1440765877|110100|1|0|0|0|0|0
1461752017|230000|2|0|0|0|0|1
1434378070|440000|1|0|0|0|0|0
1440212888|440000|1|0|1|0|0|0
1440553886|330000|1|0|0|0|0|0
1442243034|650000|3|0|1|0|0|0
1448868107|610000|3|1|0|1|0|0
1447759287|610000|3|1|0|1|0|0
1431691226|530000|3|1|0|0|0|0
1445846747|610000|3|0|1|0|1|0
1465298881|610000|3|0|0|1|0|1
1494401917|370000|1|0|0|0|0|0
1499136557|500000|3|0|0|0|0|0
1442301548|610000|3|1|1|0|0|0
1472013631|510000|3|0|0|0|0|0
1448280242|610000|3|0|1|0|1|0
1456463953|430000|2|1|0|0|0|0
1456470224|450000|1|0|0|1|1|0
1428642092|420000|2|0|0|0|0|0
1470639544|220000|2|0|0|0|0|0
1444360313|230000|2|0|1|0|0|0
1447316338|510000|3|0|0|0|1|0
1445844333|640000|3|0|1|0|1|0
1449640016|610000|3|0|1|0|0|1
1471322682|510000|3|0|0|0|0|0
1481267562|0|0|0|0|0|0|0
1473075925|140000|2|0|0|0|0|0
1407386393|500000|3|0|0|0|0|0
1450838083|650000|3|0|1|0|1|0
1510411606|230000|2|0|0|0|0|0
1446629848|610000|3|1|0|1|0|0
1442556828|230000|2|0|1|1|0|0
1445409722|610000|3|1|0|1|0|0
1420789156|110100|1|0|0|0|0|0
1414417660|420000|2|0|0|0|0|0
1498184011|430000|2|0|0|0|0|0
1418956003|360000|2|0|0|0|0|0
1450747198|610000|3|0|1|0|1|0
1486654130|420000|2|0|0|0|0|0
1451556167|420000|2|0|0|1|0|0
1418740881|450000|1|0|0|0|0|0
1441774019|320000|1|0|0|1|0|0
1472806729|610000|3|0|0|0|0|0
1422111721|450000|1|0|0|0|0|0
1446706788|230000|2|0|1|1|0|0
1456062889|530000|3|1|0|0|0|0
